#This is an optional header comment string
#Mon Dec 29 19:27:29 CET 2014
getCommittedVirtualMemorySize=7606599680
getProcessCpuTime=250000000
getTotalSwapSpaceSize=524283904
getTotalPhysicalMemorySize=16748875776
getMaxFileDescriptorCount=4096
getOpenFileDescriptorCount=31
getFreeSwapSpaceSize=524283904
getProcessCpuLoad=2.961900364752106E-6
getFreePhysicalMemorySize=10819375104
getSystemCpuLoad=0.05591724970694954
